,Date,Open,High,Low,Close
582,2020-12-14,27.95,28.07,27.92,28.06
581,2020-12-11,27.85,27.91,27.72,27.89
580,2020-12-10,27.81,27.98,27.66,27.82
579,2020-12-09,27.88,27.91,27.81,27.88
578,2020-12-08,27.75,27.89,27.75,27.88
577,2020-12-07,27.83,27.89,27.76,27.8
576,2020-12-04,27.85,27.87,27.75,27.84
575,2020-12-03,27.75,27.85,27.66,27.85
574,2020-12-02,27.57,27.76,27.52,27.75
573,2020-12-01,27.55,27.671,27.52,27.61
572,2020-11-30,27.66,27.76,27.52,27.52
571,2020-11-27,27.87,27.87,27.63,27.65
570,2020-11-25,27.85,27.87,27.73,27.8623
569,2020-11-24,27.87,27.89,27.8,27.81
568,2020-11-23,27.72,27.87,27.72,27.76
567,2020-11-20,27.79,27.8,27.64,27.65
566,2020-11-19,27.76,27.81,27.74,27.74
565,2020-11-18,27.63,27.761,27.63,27.74
564,2020-11-17,27.66,27.8099,27.61,27.75
563,2020-11-16,27.62,27.87,27.5461,27.82
562,2020-11-13,27.47,27.68,27.47,27.62
561,2020-11-12,27.55,27.66,27.44,27.51
560,2020-11-11,27.45,27.64,27.45,27.55
559,2020-11-10,27.41,27.55,27.33,27.5079
558,2020-11-09,27.48,27.68,27.4088,27.45
557,2020-11-06,27.3,27.47,27.3,27.32
556,2020-11-05,27.39,27.5,27.2901,27.36
555,2020-11-04,27.12,27.46,27.12,27.38
554,2020-11-03,27.21,27.3,27.06,27.06
553,2020-11-02,27.15,27.29,27.15,27.21
552,2020-10-30,27.15,27.29,27.11,27.29
551,2020-10-29,27.24,27.27,27.03,27.05
550,2020-10-28,27.63,27.63,27.42,27.51
549,2020-10-27,27.7,27.792,27.651,27.71
548,2020-10-26,27.78,27.8268,27.59,27.65
547,2020-10-23,27.61,27.84,27.61,27.82
546,2020-10-22,27.64,27.65,27.44,27.54
545,2020-10-21,27.67,27.73,27.51,27.51
544,2020-10-20,27.91,27.91,27.61,27.61
543,2020-10-19,27.93,27.93,27.73,27.91
542,2020-10-16,27.99,27.99,27.8,27.83
541,2020-10-15,27.96,28.0,27.9345,27.99
540,2020-10-14,28.1,28.1299,28.0,28.08
539,2020-10-13,28.03,28.13,27.95,28.13
538,2020-10-12,27.99,28.09,27.87,28.03
537,2020-10-09,27.91,27.955,27.79,27.92
536,2020-10-08,28.02,28.09,27.85,27.93
535,2020-10-07,28.09,28.13,27.91,28.02
534,2020-10-06,27.9,28.15,27.84,28.12
533,2020-10-05,27.86,28.0,27.79,27.84
532,2020-10-02,27.7,27.94,27.6768,27.92
531,2020-10-01,27.45,27.87,27.45,27.84
530,2020-09-30,27.59,27.68,27.39,27.39
529,2020-09-29,27.7,27.7,27.51,27.6
528,2020-09-28,27.57,27.86,27.57,27.67
527,2020-09-25,27.41,27.83,27.41,27.6
526,2020-09-24,27.35,27.57,27.16,27.42
525,2020-09-23,27.68,27.68,27.2,27.39
524,2020-09-22,27.4,27.65,27.37,27.62
523,2020-09-21,27.34,27.49,27.18,27.47
522,2020-09-18,27.6,27.6037,27.26,27.4
521,2020-09-17,27.6,27.78,27.45,27.45
520,2020-09-16,27.63,27.79,27.5736,27.71
519,2020-09-15,27.63,27.71,27.52,27.53
518,2020-09-14,27.41,27.6,27.4001,27.5
517,2020-09-11,27.39,27.46,27.35,27.3977
516,2020-09-10,27.37,27.51,27.37,27.48
515,2020-09-09,27.4,27.46,27.3,27.37
514,2020-09-08,27.43,27.43,27.22,27.3109
513,2020-09-04,27.43,27.59,27.2,27.44
512,2020-09-03,27.64,27.89,27.51,27.52
511,2020-09-02,27.69,27.8112,27.64,27.64
510,2020-09-01,27.9,28.0,27.67,27.7
509,2020-08-31,27.76,27.86,27.6649,27.86
508,2020-08-28,27.69,27.7599,27.64,27.64
507,2020-08-27,27.56,27.7,27.505,27.64
506,2020-08-26,27.49,27.61,27.41,27.56
505,2020-08-25,27.54,27.54,27.4,27.43
504,2020-08-24,27.52,27.55,27.37,27.45
503,2020-08-21,27.5,27.59,27.37,27.37
502,2020-08-20,27.68,27.71,27.4,27.49
501,2020-08-19,27.79,27.79,27.6,27.6
500,2020-08-18,27.64,27.86,27.63,27.73
499,2020-08-17,27.73,27.75,27.65,27.74
498,2020-08-14,27.69,27.72,27.69,27.71
497,2020-08-13,27.72,27.72,27.6417,27.695
496,2020-08-12,27.4,27.72,27.37,27.72
495,2020-08-11,27.44,27.58,27.34,27.41
494,2020-08-10,27.55,27.67,27.55,27.56
493,2020-08-07,27.55,27.58,27.42,27.52
492,2020-08-06,27.59,27.6232,27.52,27.52
491,2020-08-05,27.52,27.59,27.4747,27.5355
490,2020-08-04,27.53,27.53,27.44,27.52
489,2020-08-03,27.51,27.6,27.495,27.53
488,2020-07-31,27.45,27.51,27.4,27.51
487,2020-07-30,27.45,27.5,27.39,27.39
486,2020-07-29,27.64,27.795,27.6393,27.76
485,2020-07-28,27.64,27.73,27.58,27.7
484,2020-07-27,27.79,27.79,27.57,27.65
483,2020-07-24,27.64,27.745,27.64,27.73
482,2020-07-23,27.63,27.64,27.58,27.64
481,2020-07-22,27.59,27.67,27.53,27.6421
480,2020-07-21,27.53,27.63,27.53,27.59
479,2020-07-20,27.5,27.55,27.42,27.55
478,2020-07-17,27.36,27.55,27.3,27.52
477,2020-07-16,27.19,27.43,27.17,27.39
476,2020-07-15,27.12,27.13,27.04,27.13
475,2020-07-14,27.06,27.11,27.04,27.07
474,2020-07-13,27.11,27.22,27.06,27.06
473,2020-07-10,27.1,27.21,27.07,27.15
472,2020-07-09,27.15,27.15,26.97,27.1
471,2020-07-08,26.91,27.14,26.89,27.13
470,2020-07-07,26.86,26.97,26.8,26.93
469,2020-07-06,26.8,26.86,26.67,26.86
468,2020-07-02,26.58,26.67,26.58,26.61
467,2020-07-01,26.55,26.63,26.46,26.56
466,2020-06-30,26.72,26.72,26.4,26.4
465,2020-06-29,26.76,26.76,26.63,26.75
464,2020-06-26,26.91,26.91,26.62,26.63
463,2020-06-25,26.85,26.94,26.83,26.87
462,2020-06-24,26.96,26.99,26.78,26.85
461,2020-06-23,27.02,27.02,26.87,26.95
460,2020-06-22,27.05,27.07,26.75,26.83
459,2020-06-19,27.0,27.06,26.94,26.99
458,2020-06-18,26.99,27.01,26.91,27.01
457,2020-06-17,27.0,27.01,26.86,27.0
456,2020-06-16,26.9,27.08,26.79,27.0
455,2020-06-15,26.7,26.87,26.62,26.84
454,2020-06-12,26.86,27.14,26.7,26.7
453,2020-06-11,27.15,27.24,26.74,26.81
452,2020-06-10,27.3,27.35,27.2,27.35
451,2020-06-09,27.27,27.35,27.21,27.25
450,2020-06-08,27.37,27.37,27.27,27.3
449,2020-06-05,27.45,27.45,27.08,27.2
448,2020-06-04,27.17,27.23,27.17,27.21
447,2020-06-03,27.1,27.23,27.1,27.22
446,2020-06-02,26.87,27.04,26.85,27.04
445,2020-06-01,26.77,26.97,26.77,26.97
444,2020-05-29,26.76,26.99,26.76,26.79
443,2020-05-28,26.9,26.9,26.76,26.76
442,2020-05-27,26.88,26.88,26.7,26.83
441,2020-05-26,26.56,26.79,26.56,26.75
440,2020-05-22,26.47,26.54,26.45,26.53
439,2020-05-21,26.37,26.47,26.36,26.47
438,2020-05-20,26.4,26.4,26.27,26.37
437,2020-05-19,26.38,26.42,26.31,26.42
436,2020-05-18,26.48,26.48,26.25,26.31
435,2020-05-15,26.3,26.32,26.22,26.27
434,2020-05-14,26.21,26.32,26.04,26.3
433,2020-05-13,26.42,26.42,26.26,26.31
432,2020-05-12,26.41,26.52,26.36,26.39
431,2020-05-11,26.35,26.44,26.25,26.41
430,2020-05-08,26.24,26.4,26.24,26.4
429,2020-05-07,26.17,26.29,26.17,26.24
428,2020-05-06,26.29,26.29,26.1,26.15
427,2020-05-05,26.31,26.43,26.16,26.17
426,2020-05-04,26.27,26.37,26.18,26.37
425,2020-05-01,26.23,26.28,26.02,26.27
424,2020-04-30,26.38,26.41,26.2,26.22
423,2020-04-29,26.55,26.73,26.54,26.7
422,2020-04-28,26.6,26.71,26.53,26.53
421,2020-04-27,26.39,26.55,26.36,26.54
420,2020-04-24,26.33,26.45,26.19,26.39
419,2020-04-23,26.24,26.47,26.22,26.33
418,2020-04-22,26.32,26.36,26.2,26.22
417,2020-04-21,26.17,26.24,25.95,26.08
416,2020-04-20,25.93,26.39,25.93,26.3
415,2020-04-17,26.1,26.47,26.09,26.35
414,2020-04-16,25.98,26.06,25.75,26.01
413,2020-04-15,25.77,25.92,25.54,25.86
412,2020-04-14,26.04,26.04,25.51,25.89
411,2020-04-13,26.02,26.02,25.49,25.61
410,2020-04-09,25.7,26.24,25.7,26.12
409,2020-04-08,25.5,26.0,25.36,25.74
408,2020-04-07,25.36,25.57,25.14,25.57
407,2020-04-06,24.63,25.27,24.54,25.13
406,2020-04-03,24.42,24.42,24.01,24.27
405,2020-04-02,24.19,24.42,24.03,24.42
404,2020-04-01,24.7,24.76,24.05,24.33
403,2020-03-31,25.13,25.33,25.12,25.13
402,2020-03-30,25.06,25.17,24.65,25.12
401,2020-03-27,24.94,25.14,24.79,24.92
400,2020-03-26,24.19,25.43,24.19,25.4
399,2020-03-25,23.25,25.2,23.2,24.57
398,2020-03-24,21.06,23.69,21.06,23.17
397,2020-03-23,22.07,22.1,20.05,20.31
396,2020-03-20,21.3,23.82,21.3,22.29
395,2020-03-19,19.57,21.22,19.05,20.71
394,2020-03-18,23.29,23.29,19.1,19.35
393,2020-03-17,24.06,24.44,23.71,23.72
392,2020-03-16,24.55,25.23,24.01,24.01
391,2020-03-13,25.25,25.77,24.69,25.65
390,2020-03-12,25.5,25.6,24.01,25.19
389,2020-03-11,25.94,26.04,25.8,25.93
388,2020-03-10,26.2,26.29,25.94,26.12
387,2020-03-09,26.3,26.3,25.76,25.85
386,2020-03-06,26.82,26.88,26.5,26.62
385,2020-03-05,26.93,27.12,26.93,27.04
384,2020-03-04,26.9,27.16,26.82,27.16
383,2020-03-03,26.53,26.99,26.53,26.69
382,2020-03-02,26.3,26.52,26.14,26.37
381,2020-02-28,26.5,26.5,26.02,26.02
380,2020-02-27,26.7,26.85,26.51,26.53
379,2020-02-26,27.04,27.04,26.5,26.76
378,2020-02-25,27.24,27.25,26.69,26.69
377,2020-02-24,27.39,27.58,27.24,27.24
376,2020-02-21,27.55,27.59,27.44,27.5
375,2020-02-20,27.54,27.58,27.43,27.55
374,2020-02-19,27.61,27.61,27.47,27.47
373,2020-02-18,27.61,27.61,27.5,27.55
372,2020-02-14,27.64,27.69,27.5,27.61
371,2020-02-13,27.7,27.77,27.52,27.58
370,2020-02-12,27.81,27.81,27.65,27.65
369,2020-02-11,27.82,27.82,27.77,27.79
368,2020-02-10,27.67,27.81,27.67,27.78
367,2020-02-07,27.69,27.84,27.67,27.82
366,2020-02-06,27.7,27.7,27.57,27.68
365,2020-02-05,27.77,27.78,27.6,27.7
364,2020-02-04,27.6,27.8,27.6,27.76
363,2020-02-03,27.5,27.63,27.5,27.63
362,2020-01-31,27.5,27.58,27.48,27.51
361,2020-01-30,27.56,27.57,27.45,27.5177
360,2020-01-29,27.89,27.91,27.8,27.84
359,2020-01-28,27.84,27.92,27.78,27.87
358,2020-01-27,27.76,27.84,27.76,27.81
357,2020-01-24,27.77,27.87,27.7,27.85
356,2020-01-23,27.73,27.77,27.63,27.77
355,2020-01-22,27.72,27.78,27.66,27.77
354,2020-01-21,27.7,27.8,27.66,27.72
353,2020-01-17,27.77,27.77,27.65,27.73
352,2020-01-16,27.84,27.84,27.67,27.77
351,2020-01-15,27.77,27.89,27.77,27.84
350,2020-01-14,27.88,27.88,27.79,27.86
349,2020-01-13,27.83,27.91,27.72,27.88
348,2020-01-10,27.66,27.84,27.66,27.8
347,2020-01-09,27.53,27.7,27.53,27.7
346,2020-01-08,27.52,27.58,27.51,27.58
345,2020-01-07,27.54,27.56,27.42,27.53
344,2020-01-06,27.5,27.6,27.48,27.54
343,2020-01-03,27.58,27.62,27.53,27.62
342,2020-01-02,27.4,27.67,27.35,27.58
341,2019-12-31,27.33,27.34,27.19,27.27
340,2019-12-30,27.31,27.35,27.19,27.3
339,2019-12-27,27.4,27.4,27.29,27.31
338,2019-12-26,27.34,27.43,27.32,27.43
337,2019-12-24,27.34,27.34,27.29,27.34
336,2019-12-23,27.3,27.39,27.29,27.34
335,2019-12-20,27.33,27.41,27.1,27.17
334,2019-12-19,27.13,27.38,27.13,27.33
333,2019-12-18,27.24,27.33,27.05,27.23
332,2019-12-17,27.08,27.3,27.04,27.2
331,2019-12-16,27.07,27.07,26.84,27.05
330,2019-12-13,26.7,26.99,26.66,26.99
329,2019-12-12,26.65,26.72,26.51,26.72
328,2019-12-11,26.53,26.65,26.44,26.65
327,2019-12-10,26.45,26.49,26.4,26.49
326,2019-12-09,26.47,26.577,26.38,26.39
325,2019-12-06,26.45,26.5,26.4,26.47
324,2019-12-05,26.53,26.54,26.36,26.42
323,2019-12-04,26.41,26.63,26.34,26.48
322,2019-12-03,26.31,26.45,26.27,26.35
321,2019-12-02,26.5,26.5,26.3,26.35
320,2019-11-29,26.43,26.49,26.31,26.39
319,2019-11-27,26.56,26.62,26.41,26.43
318,2019-11-26,26.55,26.63,26.46,26.53
317,2019-11-25,26.7,26.7,26.45,26.51
316,2019-11-22,26.72,26.72,26.63,26.64
315,2019-11-21,26.75,26.76,26.62,26.64
314,2019-11-20,26.74,26.79,26.65,26.76
313,2019-11-19,26.77,26.86,26.68,26.77
312,2019-11-18,26.69,26.71,26.49,26.68
311,2019-11-15,26.62,26.72,26.56,26.63
310,2019-11-14,26.63,26.69,26.56,26.56
309,2019-11-13,26.37,26.57,26.37,26.55
308,2019-11-12,26.43,26.43,26.19,26.35
307,2019-11-11,26.43,26.46,26.29,26.35
306,2019-11-08,26.43,26.51,26.36,26.39
305,2019-11-07,26.55,26.61,26.32,26.35
304,2019-11-06,26.92,26.92,26.61,26.61
303,2019-11-05,26.95,27.03,26.72,26.84
302,2019-11-04,27.05,27.11,26.96,27.01
301,2019-11-01,27.18,27.18,26.96,27.04
300,2019-10-31,27.23,27.23,27.09,27.14
299,2019-10-30,27.58,27.58,27.29,27.43
298,2019-10-29,27.69,27.7,27.45,27.6
297,2019-10-28,27.75,27.75,27.6,27.65
296,2019-10-25,27.6,27.7,27.6,27.7
295,2019-10-24,27.7,27.72,27.6,27.63
294,2019-10-23,27.56,27.68,27.54,27.68
293,2019-10-22,27.47,27.57,27.47,27.53
292,2019-10-21,27.45,27.6,27.39,27.44
291,2019-10-18,27.62,27.71,27.41,27.46
290,2019-10-17,27.8,27.83,27.63,27.65
289,2019-10-16,27.89,27.89,27.67,27.71
288,2019-10-15,28.01,28.01,27.79,27.95
287,2019-10-14,27.92,27.98,27.82,27.98
286,2019-10-11,27.7,27.84,27.7,27.83
285,2019-10-10,27.85,27.85,27.66,27.77
284,2019-10-09,27.74,27.8,27.73,27.79
283,2019-10-08,27.79,27.8,27.74,27.74
282,2019-10-07,27.85,27.91,27.72,27.8
281,2019-10-04,27.63,27.87,27.63,27.87
280,2019-10-03,27.65,27.82,27.56,27.72
279,2019-10-02,27.73,27.74,27.51,27.69
278,2019-10-01,27.74,27.8,27.66,27.74
277,2019-09-30,27.94,27.94,27.68,27.8
276,2019-09-27,27.68,28.02,27.67,27.85
275,2019-09-26,27.58,27.68,27.46,27.65
274,2019-09-25,27.38,27.55,27.38,27.53
273,2019-09-24,27.23,27.47,27.23,27.38
272,2019-09-23,27.07,27.34,27.04,27.34
271,2019-09-20,26.89,27.07,26.81,27.07
270,2019-09-19,26.92,26.92,26.73,26.89
269,2019-09-18,26.64,26.91,26.59,26.9
268,2019-09-17,26.6,26.65,26.58,26.64
267,2019-09-16,26.61,26.76,26.45,26.52
266,2019-09-13,26.92,26.92,26.52,26.66
265,2019-09-12,26.92,26.98,26.9,26.94
264,2019-09-11,26.91,26.93,26.77,26.92
263,2019-09-10,27.02,27.02,26.91,26.94
262,2019-09-09,27.02,27.05,26.95,26.98
261,2019-09-06,26.95,26.99,26.9,26.99
260,2019-09-05,27.04,27.04,26.8,26.9
259,2019-09-04,26.93,27.07,26.93,26.97
258,2019-09-03,27.1,27.11,27.03,27.05
257,2019-08-30,27.08,27.14,27.0,27.14
256,2019-08-29,27.16,27.16,27.0,27.08
255,2019-08-28,27.08,27.13,27.01,27.13
254,2019-08-27,26.97,27.08,26.9,27.08
253,2019-08-26,27.06,27.12,26.88,26.97
252,2019-08-23,26.97,27.14,26.94,27.02
251,2019-08-22,27.09,27.2,26.96,27.09
250,2019-08-21,26.98,27.13,26.95,27.03
249,2019-08-20,26.9,27.0,26.85,26.96
248,2019-08-19,26.98,27.05,26.9,26.9
247,2019-08-16,26.9,27.0,26.85,26.9
246,2019-08-15,26.77,26.9,26.7,26.85
245,2019-08-14,26.6,26.7,26.56,26.67
244,2019-08-13,26.54,26.67,26.54,26.66
243,2019-08-12,26.45,26.53,26.41,26.53
242,2019-08-09,26.27,26.47,26.27,26.45
241,2019-08-08,26.42,26.48,26.31,26.39
240,2019-08-07,26.56,26.59,26.4,26.47
239,2019-08-06,26.72,26.79,26.57,26.72
238,2019-08-05,26.93,26.95,26.61,26.86
237,2019-08-02,27.0,27.01,26.73,26.95
236,2019-08-01,27.26,27.31,27.0,27.05
235,2019-07-31,27.04,27.31,26.85,27.16
234,2019-07-30,27.14,27.37,27.14,27.32
233,2019-07-29,27.03,27.24,27.03,27.22
232,2019-07-26,27.1,27.15,27.0,27.03
231,2019-07-25,27.2,27.22,27.01,27.01
230,2019-07-24,27.25,27.39,27.15,27.23
229,2019-07-23,27.17,27.25,27.1,27.2
228,2019-07-22,27.15,27.29,27.11,27.2
227,2019-07-19,27.15,27.16,27.01,27.16
226,2019-07-18,27.09,27.18,27.04,27.15
225,2019-07-17,26.97,27.09,26.86,27.06
224,2019-07-16,26.84,26.92,26.73,26.83
223,2019-07-15,26.7,26.84,26.7,26.84
222,2019-07-12,26.74,26.74,26.68,26.72
221,2019-07-11,26.72,26.75,26.63,26.71
220,2019-07-10,26.75,26.75,26.62,26.72
219,2019-07-09,26.6,26.71,26.57,26.68
218,2019-07-08,26.58,26.6,26.5,26.58
217,2019-07-05,26.59,26.6,26.5,26.56
216,2019-07-03,26.59,26.59,26.54,26.59
215,2019-07-02,26.39,26.59,26.39,26.59
214,2019-07-01,26.45,26.54,26.38,26.48
213,2019-06-28,26.58,26.59,26.42,26.5
212,2019-06-27,26.6,26.68,26.48,26.5
211,2019-06-26,26.6,26.64,26.55,26.58
210,2019-06-25,26.66,26.7,26.51,26.57
209,2019-06-24,26.6,26.68,26.52,26.56
208,2019-06-21,26.6,26.67,26.51,26.61
207,2019-06-20,26.52,26.55,26.49,26.52
206,2019-06-19,26.54,26.54,26.47,26.52
205,2019-06-18,26.58,26.58,26.44,26.54
204,2019-06-17,26.4,26.45,26.24,26.41
203,2019-06-14,26.38,26.4,26.2,26.37
202,2019-06-13,26.46,26.6,26.3,26.3
201,2019-06-12,26.41,26.53,26.41,26.46
200,2019-06-11,26.51,26.64,26.41,26.42
199,2019-06-10,26.52,26.55,26.44,26.51
198,2019-06-07,26.38,26.53,26.38,26.44
197,2019-06-06,26.47,26.47,26.33,26.38
196,2019-06-05,26.44,26.45,26.39,26.43
195,2019-06-04,26.42,26.4899,26.4,26.45
194,2019-06-03,26.44,26.45,26.37,26.45
193,2019-05-31,26.34,26.49,26.25,26.48
192,2019-05-30,26.32,26.38,26.31,26.35
191,2019-05-29,26.3,26.4,26.29,26.38
190,2019-05-28,26.24,26.3,26.1,26.3
189,2019-05-24,26.11,26.23,26.1,26.23
188,2019-05-23,26.15,26.17,26.12,26.17
187,2019-05-22,26.15,26.15,26.06,26.15
186,2019-05-21,26.13,26.15,26.05,26.11
185,2019-05-20,26.12,26.13,26.01,26.04
184,2019-05-17,26.2,26.2,26.04,26.14
183,2019-05-16,26.27,26.35,26.25,26.27
182,2019-05-15,26.08,26.27,26.08,26.27
181,2019-05-14,26.07,26.13,26.05,26.08
180,2019-05-13,26.0,26.08,25.96,26.07
179,2019-05-10,25.99,26.09,25.95,26.08
178,2019-05-09,25.95,25.99,25.91,25.94
177,2019-05-08,25.95,25.96,25.9,25.95
176,2019-05-07,25.96,25.97,25.9,25.95
175,2019-05-06,25.95,25.99,25.95,25.97
174,2019-05-03,25.98,25.99,25.95,25.97
173,2019-05-02,25.98,25.99,25.9,25.93
172,2019-05-01,26.02,26.02,25.87,25.98
171,2019-04-30,25.78,26.02,25.75,26.02
170,2019-04-29,26.05,26.13,25.99,26.05
169,2019-04-26,26.15,26.15,26.05,26.084
168,2019-04-25,26.11,26.21,26.1,26.15
167,2019-04-24,26.1,26.13,26.02,26.11
166,2019-04-23,26.0,26.15,25.97,26.09
165,2019-04-22,25.92,26.05,25.92,26.0
164,2019-04-18,25.98,25.99,25.9,25.99
163,2019-04-17,25.93,25.93,25.84,25.92
162,2019-04-16,25.89,25.95,25.86,25.861
161,2019-04-15,25.76,25.89,25.76,25.89
160,2019-04-12,25.82,25.88,25.79,25.79
159,2019-04-11,25.78,25.85,25.76,25.82
158,2019-04-10,25.77,25.84,25.75,25.75
157,2019-04-09,25.83,25.83,25.73,25.76
156,2019-04-08,25.82,25.87,25.79,25.83
155,2019-04-05,25.78,25.83,25.7,25.83
154,2019-04-04,25.78,25.81,25.7,25.78
153,2019-04-03,25.68,25.78,25.68,25.74
152,2019-04-02,25.7,25.75,25.66,25.74
151,2019-04-01,25.69,25.76,25.48,25.7
150,2019-03-29,25.6,25.78,25.6,25.7
149,2019-03-28,25.57,25.75,25.56,25.67
148,2019-03-27,25.45,25.64,25.41,25.64
147,2019-03-26,25.4,25.45,25.37,25.42
146,2019-03-25,25.38,25.44,25.33,25.38
145,2019-03-22,25.39,25.39,25.29,25.38
144,2019-03-21,25.25,25.33,25.19,25.31
143,2019-03-20,25.26,25.34,25.2,25.25
142,2019-03-19,25.31,25.37,25.22,25.26
141,2019-03-18,25.44,25.44,25.25,25.31
140,2019-03-15,25.25,25.42,25.25,25.39
139,2019-03-14,25.22,25.26,25.19,25.25
138,2019-03-13,25.22,25.22,25.13,25.2
137,2019-03-12,25.18,25.22,25.15,25.22
136,2019-03-11,25.2,25.22,25.11,25.15
135,2019-03-08,25.18,25.24,25.1,25.14
134,2019-03-07,25.19,25.23,25.15,25.18
133,2019-03-06,25.15,25.28,25.11,25.26
132,2019-03-05,25.12,25.19,25.06,25.18
131,2019-03-04,25.2,25.24,25.13,25.24
130,2019-03-01,25.22,25.24,25.12,25.2
129,2019-02-28,25.05,25.24,25.05,25.22
128,2019-02-27,24.97,25.04,24.95,25.04
127,2019-02-26,24.96,25.01,24.91,24.95
126,2019-02-25,25.03,25.0508,24.8556,24.94
125,2019-02-22,25.02,25.07,25.0,25.0
124,2019-02-21,25.06,25.06,24.97,24.98
123,2019-02-20,25.06,25.08,25.0,25.05
122,2019-02-19,24.95,25.08,24.88,25.07
121,2019-02-15,24.98,24.98,24.85,24.95
120,2019-02-14,24.99,24.99,24.9,24.98
119,2019-02-13,24.99,25.03,24.89,24.9
118,2019-02-12,24.92,25.02,24.84,24.99
117,2019-02-11,24.8,24.92,24.69,24.92
116,2019-02-08,24.72,24.83,24.54,24.8
115,2019-02-07,24.75,24.84,24.56,24.65
114,2019-02-06,25.01,25.01,24.65,24.86
113,2019-02-05,24.9,25.03,24.88,24.99
112,2019-02-04,24.97,24.98,24.83,24.98
111,2019-02-01,25.1,25.1,24.76,24.85
110,2019-01-31,24.75,25.1,24.7,25.1
109,2019-01-30,24.92,24.99,24.87,24.99
108,2019-01-29,24.81,24.95,24.79,24.87
107,2019-01-28,24.64,24.82,24.63,24.8
106,2019-01-25,24.55,24.68,24.54,24.63
105,2019-01-24,24.72,24.72,24.51,24.51
104,2019-01-23,24.77,24.77,24.6,24.72
103,2019-01-22,24.84,24.92,24.52,24.67
102,2019-01-18,24.8,24.93,24.78,24.84
101,2019-01-17,24.39,24.78,24.38,24.78
100,2019-01-16,24.58,24.63,24.32,24.36
99,2019-01-15,24.71,24.73,24.42,24.53
98,2019-01-14,24.69,24.76,24.58,24.6
97,2019-01-11,24.76,24.8,24.49,24.57
96,2019-01-10,24.72,24.8,24.51,24.71
95,2019-01-09,24.6,24.75,24.45,24.72
94,2019-01-08,24.6,24.65,24.45,24.65
93,2019-01-07,24.59,24.62,24.45,24.62
92,2019-01-04,24.38,24.55,24.38,24.46
91,2019-01-03,24.28,24.37,24.04,24.35
90,2019-01-02,23.55,24.49,23.43,24.15
89,2018-12-31,23.22,23.68,23.16,23.64
88,2018-12-28,22.95,23.18,22.94,23.02
87,2018-12-27,23.29,23.29,22.9,22.93
86,2018-12-26,23.47,23.52,23.25,23.3
85,2018-12-24,23.55,23.55,23.26,23.32
84,2018-12-21,23.47,23.7,23.4,23.43
83,2018-12-20,23.77,23.77,23.15,23.39
82,2018-12-19,23.83,23.8496,23.68,23.71
81,2018-12-18,23.76,23.87,23.7,23.83
80,2018-12-17,23.87,23.87,23.58,23.76
79,2018-12-14,23.83,23.88,23.8,23.85
78,2018-12-13,23.87,23.89,23.75,23.86
77,2018-12-12,23.76,23.89,23.67,23.79
76,2018-12-11,23.64,23.79,23.54,23.65
75,2018-12-10,23.84,23.84,23.35,23.52
74,2018-12-07,23.56,23.88,23.52,23.74
73,2018-12-06,23.58,23.58,23.41,23.5
72,2018-12-04,23.77,23.79,23.44,23.6
71,2018-12-03,23.8,23.97,23.7,23.73
70,2018-11-30,23.88,23.94,23.6,23.68
69,2018-11-29,24.04,24.12,23.81,23.81
68,2018-11-28,24.14,24.15,24.0,24.04
67,2018-11-27,24.11,24.11,23.94,24.1
66,2018-11-26,24.22,24.23,24.01,24.1
65,2018-11-23,24.11,24.18,24.05,24.0784
64,2018-11-21,24.09,24.15,24.03,24.11
63,2018-11-20,24.21,24.23,24.0,24.01
62,2018-11-19,24.39,24.39,24.21,24.21
61,2018-11-16,24.43,24.44,24.36,24.39
60,2018-11-15,24.49,24.55,24.25,24.36
59,2018-11-14,24.53,24.58,24.44,24.45
58,2018-11-13,24.5,24.6,24.5,24.52
57,2018-11-12,24.38,24.62,24.38,24.49
56,2018-11-09,24.42,24.42,24.31,24.38
55,2018-11-08,24.39,24.45,24.34,24.42
54,2018-11-07,24.28,24.35,24.25,24.28
53,2018-11-06,24.23,24.28,24.15,24.19
52,2018-11-05,24.12,24.19,24.07,24.14
51,2018-11-02,24.21,24.21,24.11,24.12
50,2018-11-01,24.2,24.2,24.01,24.13
49,2018-10-31,24.27,24.27,24.11,24.11
48,2018-10-30,24.55,24.6,24.48,24.52
47,2018-10-29,24.55,24.63,24.5,24.54
46,2018-10-26,24.52,24.52,24.4,24.47
45,2018-10-25,24.4,24.48,24.4,24.47
44,2018-10-24,24.45,24.48,24.37,24.37
43,2018-10-23,24.45,24.5,24.35,24.36
42,2018-10-22,24.47,24.49,24.42,24.46
41,2018-10-19,24.39,24.46,24.35,24.35
40,2018-10-18,24.42,24.45,24.32,24.32
39,2018-10-17,24.4,24.47,24.35,24.35
38,2018-10-16,24.28,24.39,24.22,24.35
37,2018-10-15,24.28,24.28,24.15,24.21
36,2018-10-12,24.25,24.34,24.18,24.23
35,2018-10-11,24.14,24.18,24.07,24.07
34,2018-10-10,24.21,24.23,24.05,24.09
33,2018-10-09,24.21,24.23,24.13,24.17
32,2018-10-08,24.19,24.21,24.07,24.07
31,2018-10-05,24.24,24.24,24.1,24.1
30,2018-10-04,24.51,24.51,24.02,24.3
29,2018-10-03,24.66,24.69,24.36,24.51
28,2018-10-02,24.77,24.79,24.66,24.66
27,2018-10-01,24.79,24.83,24.68,24.68
26,2018-09-28,24.75,24.84,24.74,24.77
25,2018-09-27,24.75,24.78,24.73,24.73
24,2018-09-26,24.73,24.76,24.7,24.74
23,2018-09-25,24.74,24.74,24.65,24.65
22,2018-09-24,24.75,24.78,24.71,24.72
21,2018-09-21,24.78,24.79,24.68,24.71
20,2018-09-20,24.7,24.79,24.67,24.67
19,2018-09-19,24.77,24.78,24.66,24.69
18,2018-09-18,24.8,24.8,24.72,24.72
17,2018-09-17,24.87,24.87,24.73,24.77
16,2018-09-14,24.9,24.9,24.82,24.83
15,2018-09-13,24.81,24.9,24.81,24.89
14,2018-09-12,24.95,24.95,24.87,24.87
13,2018-09-11,24.97,24.98,24.88,24.94
12,2018-09-10,24.9,24.99,24.88,24.97
11,2018-09-07,24.95,24.95,24.85,24.89
10,2018-09-06,25.01,25.01,24.95,24.97
9,2018-09-05,25.04,25.04,24.91,24.98
8,2018-09-04,25.1,25.11,25.01,25.01
7,2018-08-31,25.06,25.2,25.05,25.1
6,2018-08-30,25.06,25.06,25.03,25.03
5,2018-08-29,25.01,25.07,25.0,25.03
4,2018-08-28,24.99,25.01,24.95,24.99
3,2018-08-27,25.0,25.0,24.96,24.98
2,2018-08-24,24.97,24.97,24.93,24.97
1,2018-08-23,24.98,25.03,24.92,24.94
0,2018-08-22,24.93,25.0,24.88,24.98
